00000000000000000000000000000000
00000000000000000000000000000000
00000000000000000000000000000000
00000000000000001001000000000000
00000000000000000000000000011100
00000000000000000110000000001000
00011100000000001001001111101000
00100010011100010000100010001000
00010000010010010000100010001000
00000100010010011111100010001000
00000010011100010000100010001000
00100010010000010000100010001000
00011100010000000000000010001000
00000000010000000000000010011100
00000000000000000000000000000000
00000000000000000000000000000000
00000000000000000000000000000000
00000000000000000000000000000000
00000000000000000000000000000000
00000000000000000000000000000000
00000000000000000000000000000000
00000000000000000000000000000000
00000000000000000000000000000000
00000000000000000000000000000000
00000000000000000000000000000000
00000000000000000000000000000000
00000000000000000000000000000000
00000000000000000000000000000000
00000000000000000000000000000000
00000000000000000000000000000000
00000000000000000000000000000000
00000000000000000000000000000000